40
40
42
46
55
46
46
8
45
8
29
42
43
46
42
40
26
42
34
36
28
42
43
52
46
42
46
11
8
46
46
28
33
45
43
46
16
36
46
46
46
43
11
43
39
46
43
47
8
46
30
47
45
8
55
36
43
23
39
37
52
43
46
46
26
46
8
46
46
46
46
46
46
55
42
46
8
55
36
46
46
43
8
44
42
46
46
46
55
36
8
36
26
46
46
8
36
43
8
15
38
38
8
23
46
8
46
46
46
52
8
8
55
46
46
16
42
11
46
55
46
38
45
46
52
8
8
28
36
44
47
41
42
46
46
43
55
15
55
43
46
46
46
55
46
8
36
42
46
8
8
43
42
52
46
54
36
46
42
37
55
46
46
37
49
46
52
40
46
55
30
46
29
46
8
46
46
52
46
46
52
46
46
55
55
24
8
8
55
46
43
56
3
26
46
55
44
22
43
26
42
8
8
55
52
42
36
55
53
26
46
36
46
42
46
46
8
8
40
46
42
26
8
46
36
47
52
45
46
46
43
42
47
55
43
50
32
43
46
46
46
54
3
43
55
46
55
38
52
46
40
37
52
46
46
41
38
19
38
36
46
55
46
46
46
22
46
43
8
52
43
46
42
43
54
42
43
46
19
42
45
43
46
43
28
45
42
42
43
16
36
46
28
42
24
52
46
42
40
46
5
5
14
5
25
48
12
51
12
5
51
7
58
13
20
20
35
20
9
5
9
9
21
4
5
5
5
57
18
5
20
5
9
20
12
35
35
20
17
20
20
5
12
20
20
5
9
20
1
51
20
5
6
12
58
51
5
5
9
58
2
20
20
20
20
20
17
9
51
12
12
20
35
20
58
12
20
20
20
57
20
58
25
25
27
5
21
35
5
6
9
5
20
5
12
58
20
5
10
13
58
9
20
20
51
58
1
20
5
9
31
4
6
27
1
7
35
5
12
20
5
21
51
20
5
35
7
9
17
12
20
6
7
51
20
7
9
5
58
20
10
20
13
20
58
20
58
35
21
5
35
5
58
51
5
21
14
6
5
5
12
5
31
58
35
9
5
20
58
20
51
18
5
21
6
12
20
58
35
5
5
20
58
20
20
5
20
20
21
9
5
2
20
9
5
58
5
58
51
9
